0.38103345280764633
0.3912783751493429
0.3992084826762246
0.40010454002389484
0.40053763440860213
0.4048984468339307
0.40156810035842294
0.4048984468339307
0.40651135005973715
0.4043010752688172
0.4089605734767025
0.40913978494623654
0.4117831541218638
0.41036439665471924
0.4127090800477897
0.408915770609319
0.41009557945041814
0.413694743130227
0.41169354838709676
0.4134259259259259
0.417099761051374
0.4148148148148148
0.41388888888888886
0.4178614097968937
0.4164426523297491
0.415621266427718
0.41898148148148145
0.4167114695340502
0.41944444444444445
0.4154271206690561
0.4181899641577061
0.4168458781362007
0.41750298685782555
0.4170848267622461
0.4202658303464755
0.41635304659498207
0.4155764635603345
0.4179062126642772
0.41972819593787336
0.4175179211469534
0.420131421744325
