0.2067306516044456
0.20215101477065822
0.19772459736968453
0.19655157035681795
0.19443897048596698
0.19334280333852255
0.19367021194780457
0.19245368150578035
0.19115045442732145
0.1915214215964969
0.1897205445341312
0.1895419495418365
0.1884573214049835
0.18866864558011115
0.18779968733820293
0.18937747923383577
0.18707882138848161
0.18685866656981345
0.18814118232493474
0.18678318922237683
0.1857487910341476
0.18621162049552445
0.1863491458704822
0.18545060945739314
0.1856580593626559
0.18591482954960997
0.18465000606423496
0.18555632003070063
0.18520430078109104
0.18553228239254
0.18483368005234138
0.18518863014138015
0.18549507974403306
0.18493353802101017
0.18431490230303937
0.1854007120485659
0.18516075589216738
0.18484996385881267
0.1844707318371342
0.18486330774985477
0.1841628777617622
