0.06693768837176702
0.06310975974717789
0.06667544805670583
0.05607087116912599
0.06112954522958009
0.057900622284441185
0.059456458632628585
0.060666882214374794
0.0694986873740241
0.07334292753863425
0.0744458974368473
0.07032358382421373
0.07005256561348373
0.07460077102581547
0.06564126321137832
0.07589702228586466
0.08217772629488665
0.07199584111217554
0.07109724158599033
0.07274771936287579
0.07885480308867861
0.07924480431681832
0.08274211099020674
0.086558797841812
0.08758208381853323
0.0949944007965938
0.09477692825965961
0.07928361260939401
0.0917550695372714
0.08860885463018513
0.08365359458123783
0.08931064913593763
0.08594638181232779
0.08501970940092589
0.09138319877982179
0.09613324941755827
0.09599769268314327
0.09583877954200216
0.09643826891028545
0.0925310438440183
0.0969456488515051
0.0921996339714102
0.09671313502535266
0.09565523700817288
0.10061356891250843
0.10130201767138941
0.08177292681067068
0.08084640442364019
0.07229447263405112
0.0751508059235731
