tensor([0.8967, 0.9746, 0.8796, 0.8218, 0.9488, 0.9442, 0.9871, 0.9523, 0.9587,
        0.9794, 0.9772, 0.9848, 0.9693, 0.9979, 0.6552], device='cuda:0')
tensor([0.8962, 0.9746, 0.8807, 0.8213, 0.9490, 0.9444, 0.9871, 0.9524, 0.9586,
        0.9794, 0.9772, 0.9850, 0.9694, 0.9981, 0.6691], device='cuda:0')
tensor([0.8966, 0.9746, 0.8827, 0.8215, 0.9489, 0.9444, 0.9871, 0.9524, 0.9587,
        0.9794, 0.9772, 0.9850, 0.9694, 0.9981, 0.6814], device='cuda:0')
tensor([0.8965, 0.9745, 0.8842, 0.8213, 0.9487, 0.9444, 0.9871, 0.9523, 0.9587,
        0.9793, 0.9772, 0.9850, 0.9694, 0.9981, 0.6817], device='cuda:0')
tensor([0.8959, 0.9746, 0.8856, 0.8216, 0.9486, 0.9444, 0.9871, 0.9522, 0.9587,
        0.9793, 0.9772, 0.9850, 0.9694, 0.9981, 0.6848], device='cuda:0')
tensor([0.8962, 0.9748, 0.8862, 0.8211, 0.9486, 0.9444, 0.9871, 0.9522, 0.9587,
        0.9793, 0.9772, 0.9850, 0.9694, 0.9981, 0.6892], device='cuda:0')
tensor([0.8961, 0.9746, 0.8864, 0.8209, 0.9490, 0.9444, 0.9871, 0.9523, 0.9587,
        0.9793, 0.9772, 0.9850, 0.9694, 0.9981, 0.6869], device='cuda:0')
tensor([0.8964, 0.9744, 0.8852, 0.8216, 0.9490, 0.9443, 0.9871, 0.9523, 0.9587,
        0.9793, 0.9772, 0.9850, 0.9694, 0.9981, 0.6894], device='cuda:0')
tensor([0.8962, 0.9745, 0.8879, 0.8209, 0.9490, 0.9443, 0.9871, 0.9523, 0.9587,
        0.9793, 0.9772, 0.9850, 0.9694, 0.9981, 0.6927], device='cuda:0')
tensor([0.8961, 0.9744, 0.8874, 0.8211, 0.9489, 0.9442, 0.9871, 0.9521, 0.9587,
        0.9793, 0.9773, 0.9850, 0.9694, 0.9981, 0.6935], device='cuda:0')
tensor([0.8960, 0.9746, 0.8876, 0.8213, 0.9493, 0.9443, 0.9871, 0.9522, 0.9587,
        0.9793, 0.9772, 0.9850, 0.9694, 0.9981, 0.6988], device='cuda:0')
tensor([0.8960, 0.9749, 0.8883, 0.8205, 0.9488, 0.9443, 0.9871, 0.9520, 0.9587,
        0.9793, 0.9771, 0.9850, 0.9694, 0.9981, 0.6977], device='cuda:0')
tensor([0.8960, 0.9746, 0.8889, 0.8212, 0.9493, 0.9444, 0.9871, 0.9519, 0.9587,
        0.9792, 0.9769, 0.9850, 0.9694, 0.9981, 0.6996], device='cuda:0')
tensor([0.8963, 0.9745, 0.8886, 0.8212, 0.9492, 0.9441, 0.9871, 0.9516, 0.9586,
        0.9793, 0.9772, 0.9850, 0.9694, 0.9981, 0.6979], device='cuda:0')
tensor([0.8969, 0.9747, 0.8882, 0.8209, 0.9492, 0.9443, 0.9871, 0.9522, 0.9587,
        0.9792, 0.9773, 0.9850, 0.9694, 0.9981, 0.7016], device='cuda:0')
tensor([0.8963, 0.9747, 0.8878, 0.8207, 0.9498, 0.9442, 0.9871, 0.9519, 0.9587,
        0.9793, 0.9771, 0.9850, 0.9694, 0.9981, 0.6976], device='cuda:0')
tensor([0.8966, 0.9744, 0.8893, 0.8210, 0.9497, 0.9441, 0.9871, 0.9523, 0.9587,
        0.9793, 0.9768, 0.9850, 0.9694, 0.9981, 0.7017], device='cuda:0')
tensor([0.8966, 0.9749, 0.8894, 0.8214, 0.9492, 0.9443, 0.9871, 0.9524, 0.9586,
        0.9793, 0.9770, 0.9850, 0.9694, 0.9981, 0.7023], device='cuda:0')
tensor([0.8959, 0.9747, 0.8883, 0.8213, 0.9493, 0.9443, 0.9871, 0.9518, 0.9587,
        0.9792, 0.9771, 0.9850, 0.9694, 0.9981, 0.6991], device='cuda:0')
tensor([0.8966, 0.9745, 0.8889, 0.8210, 0.9496, 0.9443, 0.9871, 0.9520, 0.9587,
        0.9793, 0.9773, 0.9850, 0.9694, 0.9981, 0.7017], device='cuda:0')
tensor([0.8967, 0.9746, 0.8895, 0.8215, 0.9500, 0.9441, 0.9871, 0.9522, 0.9587,
        0.9794, 0.9775, 0.9850, 0.9693, 0.9981, 0.7064], device='cuda:0')
tensor([0.8960, 0.9747, 0.8895, 0.8212, 0.9497, 0.9444, 0.9871, 0.9522, 0.9587,
        0.9792, 0.9774, 0.9850, 0.9693, 0.9981, 0.7038], device='cuda:0')
tensor([0.8959, 0.9743, 0.8896, 0.8215, 0.9498, 0.9446, 0.9871, 0.9515, 0.9587,
        0.9792, 0.9772, 0.9850, 0.9694, 0.9981, 0.7031], device='cuda:0')
tensor([0.8970, 0.9746, 0.8901, 0.8211, 0.9495, 0.9444, 0.9871, 0.9521, 0.9586,
        0.9792, 0.9771, 0.9850, 0.9694, 0.9981, 0.7059], device='cuda:0')
tensor([0.8966, 0.9748, 0.8899, 0.8206, 0.9500, 0.9445, 0.9871, 0.9521, 0.9587,
        0.9793, 0.9776, 0.9850, 0.9694, 0.9981, 0.7073], device='cuda:0')
tensor([0.8966, 0.9749, 0.8906, 0.8211, 0.9496, 0.9443, 0.9871, 0.9520, 0.9587,
        0.9792, 0.9770, 0.9850, 0.9694, 0.9981, 0.7046], device='cuda:0')
tensor([0.8959, 0.9747, 0.8909, 0.8211, 0.9499, 0.9442, 0.9871, 0.9523, 0.9587,
        0.9793, 0.9774, 0.9850, 0.9694, 0.9981, 0.7066], device='cuda:0')
tensor([0.8962, 0.9752, 0.8893, 0.8210, 0.9501, 0.9442, 0.9871, 0.9527, 0.9587,
        0.9792, 0.9773, 0.9850, 0.9694, 0.9981, 0.7051], device='cuda:0')
tensor([0.8969, 0.9750, 0.8914, 0.8204, 0.9497, 0.9444, 0.9871, 0.9522, 0.9586,
        0.9793, 0.9771, 0.9850, 0.9694, 0.9981, 0.7072], device='cuda:0')
tensor([0.8973, 0.9743, 0.8905, 0.8214, 0.9496, 0.9446, 0.9871, 0.9519, 0.9587,
        0.9793, 0.9770, 0.9850, 0.9694, 0.9981, 0.7026], device='cuda:0')
tensor([0.8963, 0.9746, 0.8906, 0.8218, 0.9500, 0.9444, 0.9871, 0.9522, 0.9587,
        0.9791, 0.9774, 0.9850, 0.9694, 0.9981, 0.7076], device='cuda:0')
tensor([0.8962, 0.9746, 0.8909, 0.8214, 0.9495, 0.9439, 0.9871, 0.9523, 0.9586,
        0.9793, 0.9775, 0.9850, 0.9694, 0.9981, 0.7056], device='cuda:0')
tensor([0.8971, 0.9746, 0.8903, 0.8219, 0.9500, 0.9442, 0.9871, 0.9529, 0.9587,
        0.9793, 0.9771, 0.9850, 0.9694, 0.9981, 0.7055], device='cuda:0')
tensor([0.8964, 0.9744, 0.8893, 0.8208, 0.9501, 0.9441, 0.9871, 0.9525, 0.9587,
        0.9792, 0.9775, 0.9850, 0.9694, 0.9981, 0.7056], device='cuda:0')
tensor([0.8970, 0.9745, 0.8902, 0.8217, 0.9504, 0.9440, 0.9871, 0.9526, 0.9586,
        0.9792, 0.9772, 0.9850, 0.9694, 0.9981, 0.7088], device='cuda:0')
tensor([0.8971, 0.9748, 0.8900, 0.8210, 0.9501, 0.9444, 0.9871, 0.9528, 0.9587,
        0.9793, 0.9772, 0.9850, 0.9694, 0.9981, 0.7046], device='cuda:0')
tensor([0.8970, 0.9745, 0.8889, 0.8217, 0.9502, 0.9445, 0.9871, 0.9525, 0.9587,
        0.9792, 0.9772, 0.9850, 0.9694, 0.9981, 0.7054], device='cuda:0')
tensor([0.8971, 0.9747, 0.8894, 0.8208, 0.9497, 0.9446, 0.9871, 0.9524, 0.9586,
        0.9792, 0.9775, 0.9850, 0.9694, 0.9981, 0.7058], device='cuda:0')
tensor([0.8974, 0.9749, 0.8895, 0.8213, 0.9501, 0.9445, 0.9871, 0.9524, 0.9587,
        0.9792, 0.9771, 0.9850, 0.9694, 0.9981, 0.7079], device='cuda:0')
tensor([0.8965, 0.9747, 0.8894, 0.8203, 0.9495, 0.9444, 0.9871, 0.9526, 0.9585,
        0.9792, 0.9774, 0.9850, 0.9694, 0.9981, 0.7066], device='cuda:0')
tensor([0.8971, 0.9750, 0.8906, 0.8208, 0.9502, 0.9443, 0.9871, 0.9523, 0.9587,
        0.9789, 0.9773, 0.9850, 0.9694, 0.9981, 0.7072], device='cuda:0')
