0.7625393932490413
0.7609193656579464
0.7585083089696372
0.7585494424826923
0.7572616471124274
0.7654788573742897
0.7718513877814481
0.7679848375542646
0.7723513181708876
0.7860013162724178
0.7887635898798901
0.7895672754426599
0.79144992469403
0.7937723861234511
0.7972624065003607
0.7979806609206314
0.7968637278353647
0.8001987065092202
0.7858146334054752
0.8048847628811178
0.8071249572844288
0.8091816329371859
0.8128456797154826
0.8111212362835555
0.8108143169938363
0.8195124729468048
0.8245275974231436
0.8263279796484034
0.8311342724430776
0.8488248471731784
0.8667337459341105
0.8849052663553176
0.9034596448595765
0.9369075192061865
0.9516080039488173
0.959860019490957
0.9652358532356254
0.9745889812810874
0.9789902671779879
0.9809836605029679
0.9828156838921163
