[0.2532735  0.0474934  0.28289578 0.45041481 0.10706215 0.13263856
 0.01148482 0.08828742 0.15853292]
[0.24969204 0.04992908 0.28966028 0.44528934 0.10133031 0.12789492
 0.01244168 0.10119882 0.16107516]
[0.24488039 0.04615385 0.2877095  0.44143672 0.10369164 0.13220687
 0.02259887 0.09548348 0.15625   ]
[0.24897283 0.06087877 0.2916218  0.44432814 0.1057377  0.1396711
 0.02447315 0.10338207 0.15679036]
[0.24062922 0.05854178 0.28492038 0.43709299 0.10607915 0.13499716
 0.01664355 0.09912624 0.16071429]
[0.24992182 0.06536697 0.30907438 0.45742736 0.10713263 0.13612812
 0.0148258  0.10368957 0.16612378]
[0.2528006  0.05603865 0.32243289 0.4687557  0.09238531 0.12755685
 0.01394943 0.09315816 0.15862216]
[0.24629006 0.04415823 0.30586733 0.45542274 0.10841914 0.12465719
 0.02093398 0.09371352 0.15688749]
[0.25530046 0.0474026  0.31080866 0.46260225 0.09742939 0.12925607
 0.01722653 0.08141714 0.1712884 ]
[0.25066667 0.03534957 0.3456672  0.49235289 0.0745549  0.11314764
 0.00630252 0.07125506 0.15642191]
[0.26654375 0.03297546 0.34653148 0.49801902 0.07207891 0.10753012
 0.01402806 0.06796537 0.1511811 ]
[0.26743113 0.03355973 0.35097163 0.49189067 0.07455306 0.10351652
 0.00427807 0.06330749 0.14813908]
[0.26430965 0.02278481 0.35995053 0.4876499  0.07077535 0.09963213
 0.01048218 0.05832965 0.15363681]
[0.27382461 0.02645721 0.37161652 0.4972067  0.06732283 0.09976905
 0.00674916 0.06928714 0.16214884]
[0.28041513 0.02924731 0.38915283 0.49957668 0.05971968 0.09622431
 0.         0.05766175 0.16620359]
[0.29334737 0.02614379 0.40317342 0.50004222 0.06036636 0.09776358
 0.00479042 0.06317235 0.16916514]
[0.29311699 0.03336185 0.39908281 0.49424335 0.06257669 0.10211824
 0.00692841 0.0696342  0.16853659]
[0.28565713 0.02624672 0.42004081 0.50313374 0.07003565 0.09496124
 0.004914   0.06781173 0.17144287]
[0.25543514 0.03482771 0.3457587  0.47932018 0.07884122 0.1024735
 0.01271186 0.07998454 0.16719354]
[0.2860869  0.02590442 0.41016728 0.50179151 0.05003381 0.07580704
 0.00492611 0.06540034 0.15417051]
[0.31277503 0.05642105 0.43888739 0.50915179 0.06051098 0.085031
 0.00728155 0.07405671 0.17013621]
[0.33037797 0.14771049 0.46023616 0.51346469 0.05661232 0.07157203
 0.0072904  0.09082611 0.19189873]
[0.35169862 0.232      0.487653   0.51722603 0.07763975 0.0815435
 0.00249377 0.10829493 0.19575531]
[0.35992873 0.24002616 0.48305765 0.52040731 0.1133293  0.09065551
 0.0075     0.1277061  0.20609252]
[0.35674324 0.27133758 0.48900305 0.51960648 0.10797546 0.0977918
 0.00738007 0.15300776 0.20742731]
[0.38156499 0.35657075 0.52824874 0.53891782 0.19031404 0.09052899
 0.00255754 0.2028     0.23270131]
[0.41033714 0.38086957 0.55708502 0.54620273 0.25216763 0.10023521
 0.         0.25925223 0.2447466 ]
[0.42789613 0.41365346 0.5604917  0.55392254 0.27272727 0.11402588
 0.00254777 0.2852447  0.25822168]
[0.44614004 0.44243281 0.58500894 0.55920489 0.32238806 0.13326374
 0.         0.33648459 0.27815679]
[0.50515853 0.57798165 0.63808954 0.5963671  0.4552493  0.19714286
 0.00513479 0.49725718 0.36994091]
[0.5747614  0.67336152 0.69057557 0.63304434 0.5399361  0.28746613
 0.01002506 0.61436088 0.4547466 ]
[0.63627292 0.73909637 0.74095818 0.67247925 0.63548792 0.36102699
 0.00511509 0.6939334  0.54876807]
[0.69391599 0.80062144 0.78443921 0.71975773 0.70379538 0.44152334
 0.03163017 0.75946313 0.65207921]
[0.80366475 0.87140617 0.86097114 0.80926068 0.80708013 0.60920734
 0.0369515  0.85615199 0.80599401]
[0.85034856 0.90751445 0.89246813 0.84772606 0.86111877 0.70236869
 0.08071749 0.88504701 0.86533993]
[0.87704326 0.92598425 0.9033611  0.8761582  0.88762801 0.75564729
 0.15067079 0.90598291 0.89262087]
[0.89203119 0.9259552  0.91576245 0.89436927 0.89706904 0.80713874
 0.22393822 0.91058644 0.90666667]
[0.923467   0.94622517 0.93638827 0.92225576 0.92189465 0.8706566
 0.35472371 0.93204775 0.93331963]
[0.93359218 0.95136859 0.94770431 0.93807144 0.93661676 0.8933147
 0.50246305 0.94394102 0.94163664]
[0.94089232 0.95212766 0.95239222 0.9426506  0.94266442 0.9034071
 0.58718331 0.95050722 0.94970109]
[0.94318106 0.95511288 0.9546101  0.94977305 0.94458438 0.91298213
 0.73174259 0.94990781 0.95192903]
